{"nbformat":4,"nbformat_minor":0,"metadata":{"colab":{"provenance":[],"gpuType":"T4","authorship_tag":"ABX9TyM1ytbfm9d39S20mEB7ITDG"},"kernelspec":{"name":"python3","display_name":"Python 3"},"language_info":{"name":"python"},"accelerator":"GPU"},"cells":[{"cell_type":"code","source":["import numpy as np"],"metadata":{"id":"2jJ_Jdq9-vet","executionInfo":{"status":"ok","timestamp":1703500036109,"user_tz":-540,"elapsed":285,"user":{"displayName":"Sherzod Sanatov","userId":"00636293486594688568"}}},"execution_count":2,"outputs":[]},{"cell_type":"markdown","source":["Ex: 1\n","\n","Transposing"],"metadata":{"id":"PAkDb1Y7BUe1"}},{"cell_type":"code","execution_count":null,"metadata":{"colab":{"base_uri":"https://localhost:8080/"},"id":"h62NIZY6-YOL","executionInfo":{"status":"ok","timestamp":1703407200992,"user_tz":-540,"elapsed":314,"user":{"displayName":"Sherzod Sanatov","userId":"00636293486594688568"}},"outputId":"616de9ad-1b95-4f22-c9af-abadc3a2aa4d"},"outputs":[{"output_type":"execute_result","data":{"text/plain":["array([[1, 4, 7],\n","       [2, 5, 8],\n","       [3, 6, 9]])"]},"metadata":{},"execution_count":3}],"source":["A = np.array([[1, 2, 3], [4, 5, 6], [7, 8, 9]])\n","A.T"]},{"cell_type":"code","source":["A"],"metadata":{"colab":{"base_uri":"https://localhost:8080/"},"id":"4-uEKrkG-sWX","executionInfo":{"status":"ok","timestamp":1703407220068,"user_tz":-540,"elapsed":7,"user":{"displayName":"Sherzod Sanatov","userId":"00636293486594688568"}},"outputId":"d3583635-df23-43fb-cb39-544e57ea7a52"},"execution_count":null,"outputs":[{"output_type":"execute_result","data":{"text/plain":["array([[1, 2, 3],\n","       [4, 5, 6],\n","       [7, 8, 9]])"]},"metadata":{},"execution_count":4}]},{"cell_type":"code","source":["A.ndim"],"metadata":{"colab":{"base_uri":"https://localhost:8080/"},"id":"VTqLR8d7-3Dp","executionInfo":{"status":"ok","timestamp":1703407234684,"user_tz":-540,"elapsed":278,"user":{"displayName":"Sherzod Sanatov","userId":"00636293486594688568"}},"outputId":"932e9630-ea1c-4e57-ea2a-620a1948e2ed"},"execution_count":null,"outputs":[{"output_type":"execute_result","data":{"text/plain":["2"]},"metadata":{},"execution_count":5}]},{"cell_type":"markdown","source":["Creating an array transpose and returning back"],"metadata":{"id":"QLYnd6qXBYt5"}},{"cell_type":"code","source":["B=np.random.randn(3,4)\n","B"],"metadata":{"colab":{"base_uri":"https://localhost:8080/"},"id":"Q5EGsvJr-6lh","executionInfo":{"status":"ok","timestamp":1703407720307,"user_tz":-540,"elapsed":406,"user":{"displayName":"Sherzod Sanatov","userId":"00636293486594688568"}},"outputId":"c4cbcae4-e93d-4509-e9c9-07b9b1c597a4"},"execution_count":null,"outputs":[{"output_type":"execute_result","data":{"text/plain":["array([[ 0.40408278, -1.61505587,  0.47450417,  0.87025489],\n","       [-1.17186732,  1.62213168,  0.16248191, -0.69047065],\n","       [-0.22544483, -1.44472888,  0.60380772, -0.21228782]])"]},"metadata":{},"execution_count":6}]},{"cell_type":"code","source":["C=B.T\n","C"],"metadata":{"colab":{"base_uri":"https://localhost:8080/"},"id":"y7T6AFYUAxLr","executionInfo":{"status":"ok","timestamp":1703407820482,"user_tz":-540,"elapsed":358,"user":{"displayName":"Sherzod Sanatov","userId":"00636293486594688568"}},"outputId":"56696a5f-b86c-4cc0-bda2-7674c9474b04"},"execution_count":null,"outputs":[{"output_type":"execute_result","data":{"text/plain":["array([[ 0.40408278, -1.17186732, -0.22544483],\n","       [-1.61505587,  1.62213168, -1.44472888],\n","       [ 0.47450417,  0.16248191,  0.60380772],\n","       [ 0.87025489, -0.69047065, -0.21228782]])"]},"metadata":{},"execution_count":9}]},{"cell_type":"code","source":["C.T"],"metadata":{"colab":{"base_uri":"https://localhost:8080/"},"id":"tVgVKv2NA9lU","executionInfo":{"status":"ok","timestamp":1703407836422,"user_tz":-540,"elapsed":307,"user":{"displayName":"Sherzod Sanatov","userId":"00636293486594688568"}},"outputId":"3e014d3b-d1ff-4dae-e103-6a7861d1339d"},"execution_count":null,"outputs":[{"output_type":"execute_result","data":{"text/plain":["array([[ 0.40408278, -1.61505587,  0.47450417,  0.87025489],\n","       [-1.17186732,  1.62213168,  0.16248191, -0.69047065],\n","       [-0.22544483, -1.44472888,  0.60380772, -0.21228782]])"]},"metadata":{},"execution_count":10}]},{"cell_type":"markdown","source":["Verifying dimensions"],"metadata":{"id":"sJ9hKul9B0xA"}},{"cell_type":"code","source":["C.ndim"],"metadata":{"id":"F8-RqCHoCNp1","executionInfo":{"status":"ok","timestamp":1703408114126,"user_tz":-540,"elapsed":3,"user":{"displayName":"Sherzod Sanatov","userId":"00636293486594688568"}},"outputId":"0c39dd81-13b5-4f8a-88a4-d57307fae0db","colab":{"base_uri":"https://localhost:8080/"}},"execution_count":null,"outputs":[{"output_type":"execute_result","data":{"text/plain":["2"]},"metadata":{},"execution_count":13}]},{"cell_type":"code","source":["C.shape"],"metadata":{"colab":{"base_uri":"https://localhost:8080/"},"id":"SAqSSJqQB7FH","executionInfo":{"status":"ok","timestamp":1703408076628,"user_tz":-540,"elapsed":3,"user":{"displayName":"Sherzod Sanatov","userId":"00636293486594688568"}},"outputId":"15a85afc-4076-410f-9b46-09540a240975"},"execution_count":null,"outputs":[{"output_type":"execute_result","data":{"text/plain":["(4, 3)"]},"metadata":{},"execution_count":12}]},{"cell_type":"markdown","source":["Ex: 2"],"metadata":{"id":"gSJdfVsDBigN"}},{"cell_type":"code","source":["arr=np.random.randn(5,5)\n","arr"],"metadata":{"id":"BLiGGX8oBNgL","colab":{"base_uri":"https://localhost:8080/"},"executionInfo":{"status":"ok","timestamp":1703500050789,"user_tz":-540,"elapsed":5,"user":{"displayName":"Sherzod Sanatov","userId":"00636293486594688568"}},"outputId":"d8e6c3e8-12fe-4dd7-f9cd-d176103d34cf"},"execution_count":4,"outputs":[{"output_type":"execute_result","data":{"text/plain":["array([[-0.72971433, -0.51162419,  0.87768575, -1.46810147, -0.45197945],\n","       [ 1.83699615,  0.7222446 , -1.45794484, -0.01367656, -1.89637469],\n","       [-0.15212783,  0.82829632,  0.29427796,  0.54384622,  0.77845045],\n","       [-1.1521673 ,  1.66508894, -0.61651505, -0.23971859,  1.04613643],\n","       [ 0.28311133, -1.62933679, -0.64355669,  1.0457755 , -0.50856378]])"]},"metadata":{},"execution_count":4}]},{"cell_type":"markdown","source":["Ex: 3"],"metadata":{"id":"_2y_gkwNhEvK"}},{"cell_type":"code","source":["arr=np.random.rand(2,3,4)\n","arr"],"metadata":{"colab":{"base_uri":"https://localhost:8080/"},"id":"qbp2Vdq8hGGX","executionInfo":{"status":"ok","timestamp":1703501119446,"user_tz":-540,"elapsed":5,"user":{"displayName":"Sherzod Sanatov","userId":"00636293486594688568"}},"outputId":"59443fe8-dbd5-43a7-cf9a-c23fc8bd59c5"},"execution_count":5,"outputs":[{"output_type":"execute_result","data":{"text/plain":["array([[[0.13012886, 0.94818507, 0.82038234, 0.09664192],\n","        [0.93769134, 0.84886119, 0.68229362, 0.84427306],\n","        [0.18133072, 0.63993494, 0.2412182 , 0.05278102]],\n","\n","       [[0.26327673, 0.85593307, 0.5210193 , 0.70988413],\n","        [0.17148339, 0.92130567, 0.43605939, 0.7523545 ],\n","        [0.88066386, 0.80551113, 0.5836095 , 0.31056202]]])"]},"metadata":{},"execution_count":5}]},{"cell_type":"code","source":["arr.ndim"],"metadata":{"colab":{"base_uri":"https://localhost:8080/"},"id":"A_7dp3jLlDgq","executionInfo":{"status":"ok","timestamp":1703501168082,"user_tz":-540,"elapsed":5,"user":{"displayName":"Sherzod Sanatov","userId":"00636293486594688568"}},"outputId":"a9340833-9931-4be6-ce81-57a2ffe124b5"},"execution_count":6,"outputs":[{"output_type":"execute_result","data":{"text/plain":["3"]},"metadata":{},"execution_count":6}]},{"cell_type":"code","source":["arr.shape"],"metadata":{"colab":{"base_uri":"https://localhost:8080/"},"id":"kYWO70p3lPkh","executionInfo":{"status":"ok","timestamp":1703501178423,"user_tz":-540,"elapsed":4,"user":{"displayName":"Sherzod Sanatov","userId":"00636293486594688568"}},"outputId":"e68f1a26-932e-433e-ba59-d63bfd89b35e"},"execution_count":7,"outputs":[{"output_type":"execute_result","data":{"text/plain":["(2, 3, 4)"]},"metadata":{},"execution_count":7}]}]}